#---------------------------------------------------------------------------------------------------
# PGLS: determine if there are differences among 20 trees
#---------------------------------------------------------------------------------------------------

#---------------------------------------------------------------------------------------------------
# Save the 20 trees:
#---------------------------------------------------------------------------------------------------

#Write ".tree" document based on Stein et al. (2018), and available at Vertlife.org
# Define the Newick tree string
tree_strings <- c(
  tree1 <- "((((Torpedo_marmorata:214.85005317449998,((Pteromylaeus_bovinus:91.50245422,Myliobatis_aquila:91.502454218):32.800000464,(Pteroplatytrygon_violacea:67.38805183400001,Dasyatis_pastinaca:67.388052835):56.914401848):90.54759749):5.390461274,(Dipturus_oxyrinchus:64.16484737670001,((Raja_clavata:24.346123428,Raja_asterias:24.346123427):16.25614888,Raja_polystigma:40.60227231100001):23.562577063):156.07566608):45.93316368,((Hexanchus_griseus:229.03500451699998,(((Etmopterus_spinax:147.770477239,Dalatias_licha:147.77047624):1.426077166,Oxynotus_centrina:149.19655441089998):8.958236332,Centrophorus_granulosus:158.154790725):70.88021277):13.33747358,(Scyliorhinus_canicula:167.34385451999998,Galeus_melastomus:167.34385350099998):75.02862358):23.80120104):102.930732,Chimaera_monstrosa:369.104410122);",
  tree2 <- "((((Torpedo_marmorata:191.36374479199998,((Dasyatis_pastinaca:38.9914514304,Pteroplatytrygon_violacea:38.991450434):59.773013538,(Pteromylaeus_bovinus:73.30883299,Myliobatis_aquila:73.30883299999999):25.455631971000003):92.599278816):4.262637766,((Raja_polystigma:33.981406285199995,(Raja_asterias:8.45077901066,Raja_clavata:8.450778011):25.530627277):8.986935983,Dipturus_oxyrinchus:42.968342270600004):152.65803928799997):42.56409644,((Hexanchus_griseus:189.12185319399998,(((Dalatias_licha:76.91510284499999,Etmopterus_spinax:76.9151008515):8.015863581,Oxynotus_centrina:84.93096542772):6.343034832,Centrophorus_granulosus:91.274000259):97.84785193):13.24642541,(Scyliorhinus_canicula:126.516757344,Galeus_melastomus:126.5167553547):75.85152225):35.82220039):118.47474,Chimaera_monstrosa:356.665219974);",
  tree3 <- "((((Torpedo_marmorata:231.2630943853,((Dasyatis_pastinaca:64.070088858,Pteroplatytrygon_violacea:64.070088863):64.136016042,(Pteromylaeus_bovinus:99.14472273300001,Myliobatis_aquila:99.144721739):29.061382158):103.05699048599999):4.910247326,(((Raja_clavata:27.8821758342,Raja_asterias:27.882175828999998):16.42603768,Raja_polystigma:44.30821351):26.742760004,Dipturus_oxyrinchus:71.05097251800001):165.1223691915):48.56759027,((Hexanchus_griseus:246.44739588600004,(((Dalatias_licha:152.75381932399998,Etmopterus_spinax:152.7538203334):8.685532417,Oxynotus_centrina:161.43935075579998):9.990968014,Centrophorus_granulosus:171.43032076):75.01707612999999):13.8736089,(Scyliorhinus_canicula:182.237344236,Galeus_melastomus:182.237343249):78.083662542):24.41992819):102.93531,Chimaera_monstrosa:387.676241992);",
  tree4 <- "((((Torpedo_marmorata:222.080302921,((Pteromylaeus_bovinus:94.010871058,Myliobatis_aquila:94.01087106439999):25.474538993,(Dasyatis_pastinaca:69.721768204,Pteroplatytrygon_violacea:69.721768209):49.76364284399999):102.59489387200001):5.019626707,(((Raja_polystigma:11.6324452268,Raja_clavata:11.632446226999999):16.08446541,Raja_asterias:27.716911638):42.382095462,Dipturus_oxyrinchus:70.0990060926):157.00092454):48.08871771,((Hexanchus_griseus:237.8813559292,(((Etmopterus_spinax:145.374606396,Dalatias_licha:145.374605406):8.353168438,Oxynotus_centrina:153.72777385348002):9.987855771,Centrophorus_granulosus:163.715630609):74.16572529999999):14.37788103,(Scyliorhinus_canicula:171.9291187037,Galeus_melastomus:171.929120699):80.33011623600001):22.92941141):100.3486815,Chimaera_monstrosa:375.53732984769994);",
  tree5 <-  "((((Torpedo_marmorata:240.193710024,((Pteroplatytrygon_violacea:67.993612958,Dasyatis_pastinaca:67.99361295):71.69695301799999,(Pteromylaeus_bovinus:103.16026020410001,Myliobatis_aquila:103.16025919860999):36.5303067606):100.50314305399999):5.233642871,(((Raja_asterias:29.77929281,Raja_clavata:29.7792928093):22.908198180999996,Raja_polystigma:52.687490993000004):23.52998175,Dipturus_oxyrinchus:76.21747374219999):169.20987915):48.99610098,((Hexanchus_griseus:256.180880249,(((Dalatias_licha:156.32981350699998,Etmopterus_spinax:156.32981351):10.90230156,Oxynotus_centrina:167.23211605803002):10.0270611,Centrophorus_granulosus:177.25917517):78.92170407):14.18391233,(Scyliorhinus_canicula:187.03260729800002,Galeus_melastomus:187.032608305):83.332185245):24.05866132):109.2560613,Chimaera_monstrosa:403.679513095);",
  tree6 <- "((((Torpedo_marmorata:231.506801199,((Pteromylaeus_bovinus:94.983172239,Myliobatis_aquila:94.983171239):29.684472069,(Dasyatis_pastinaca:78.493803203,Pteroplatytrygon_violacea:78.49380221):46.173842107):106.839157904):26.85867397,(Dipturus_oxyrinchus:68.71936468850001,((Raja_clavata:9.867964464,Raja_asterias:9.867963463999999):1.463249678,Raja_polystigma:11.331213142):57.388150554999996):189.64611147000002):36.05371235,((Hexanchus_griseus:238.72348449400002,(((Etmopterus_spinax:146.100443369,Dalatias_licha:146.100444363):8.90374864,Oxynotus_centrina:155.00419300398):11.06383486,Centrophorus_granulosus:166.068027865):72.6554566):15.37025687,(Scyliorhinus_canicula:173.047315023,Galeus_melastomus:173.04731703047003):81.0464263131):40.32544621):80.32561439,Chimaera_monstrosa:374.74480090158);",
  tree7 <- "((((Torpedo_marmorata:273.3730632435,((Dasyatis_pastinaca:94.823765816,Pteroplatytrygon_violacea:94.823766827):65.155146301,(Pteromylaeus_bovinus:119.89920164,Myliobatis_aquila:119.89920062600001):40.079711494):113.394150111):6.61551065,(((Raja_clavata:37.7110972966,Raja_asterias:37.7110973):23.81757357,Raja_polystigma:61.52867186539999):29.09725658,Dipturus_oxyrinchus:90.62592844400001):189.36264649):58.05705387,((Hexanchus_griseus:291.38842919999996,(((Dalatias_licha:187.06960195,Etmopterus_spinax:187.06959995091):5.544505176,Oxynotus_centrina:192.6141081091):10.87238305,Centrophorus_granulosus:203.48649117250002):87.90193902):23.242437,(Scyliorhinus_canicula:214.319729056,Galeus_melastomus:214.31972803300002):100.31113715):23.41476158):112.1655526,Chimaera_monstrosa:450.21118036300004);",
  tree8 <- "((((Torpedo_marmorata:206.5743511384,((Pteromylaeus_bovinus:87.80873195999999,Myliobatis_aquila:87.80873195240001):31.722087182000003,(Pteroplatytrygon_violacea:64.98544968799999,Dasyatis_pastinaca:64.98544869):54.545370448999996):87.043529998):4.866797146,((Raja_polystigma:40.441940591999995,(Raja_clavata:22.838403233,Raja_asterias:22.83840323):17.60353735639):21.06438388,Dipturus_oxyrinchus:61.506323468400005):149.93482281000001):43.68548306,((Hexanchus_griseus:219.857057649,(((Dalatias_licha:141.50647606,Etmopterus_spinax:141.50647406500002):2.423405183,Oxynotus_centrina:143.9298822413):8.63233688,Centrophorus_granulosus:152.562217131):67.29484052):12.42198353,(Scyliorhinus_canicula:160.196695832,Galeus_melastomus:160.196696839):72.082344357):22.84758816):98.5326035,Chimaera_monstrosa:353.659232858);",
